in="./TTI.rsf@"
data_format="native_float"
esize=4
n1=50
n2=50
n3=50
n4=3
d1=12.500000
d2=12.500000
d3=12.500000
d4=0.001000
